295
1051
1908
1155
255
1147
1437
316
893
999
876
909
2361
788
293
1815
1029
2284
963
602
2006
553
564
1910
300
1444
1562
2444
2467
1982
2350
655
153
264
2280
1489
2219
277
1033
468
345
308
2225
2055
858
950
370
1218
596
32
921
1391
1012
1493
114
1448
1238
1
1014
1901
695
1616
1624
599
1863
971
2059
2139
750
540
1390
827
1929
1523
98
1845
925
2420
2493
2314
1410
2088
2205
2479
70
1902
1764
2054
1126
2362
285
2178
1569
1250
1694
94
458
1072
1470
106
857
1418
1868
29
1362
1788
1282
1645
284
1660
1583
1602
877
2436
1177
1737
2455
910
46
288
1302
275
1328
251
84
953
2398
512
1791
883
1978
2403
473
1680
1492
1847
26
2181
125
1917
8
247
1736
565
232
104
766
190
1128
1864
1353
259
2477
2351
79
1289
1440
519
1436
174
708
1550
1488
2221
372
1597
561
2034
1539
634
1850
587
1366
228
1629
843
187
1945
1063
1079
1900
2130
1339
360
2251
642
189
972
2165
1400
768
2389
728
2294
225
1387
2301
1109
1096
2136
1566
2194
548
965
91
2159
1040
341
1679
866
930
659
1601
941
2246
2443
2135
522
1695
600
165
2080
1802
1257
181
2272
1776
2310
791
217
1170
1890
137
2447
1035
929
1171
2494
384
1104
2035
835
1807
1795
2435
1785
1995
342
1637
1909
101
1605
45
1455
1467
1032
2355
1705
2377
323
543
496
722
193
1787
2423
1274
578
177
1086
1884
2126
1483
1903
1672
148
1614
2124
753
2344
1967
537
396
2008
439
455
254
1160
1851
1016
1345
1612
1382
1818
1131
1732
1757
2176
1146
131
1150
258
90
1992
1337
987
2069
897
1683
1060
995
267
1582
2470
1315
367
1610
2341
2103
786
1197
715
1135
2001
2464
1342
1247
1712
1019
932
68
907
916
720
833
1262
1670
1930
1392
1185
901
317
2359
1028
1061
2132
2411
1243
809
1228
532
85
2196
1458
145
2236
1824
1118
2414
149
1407
1928
1446
520
240
140
134
1099
1468
2434
398
2348
2166
918
1402
51
1936
2385
358
2094
636
1140
1704
703
1707
1843
470
1326
327
223
286
1578
1596
612
1803
1659
2489
1846
132
2226
2370
1209
1301
1551
1682
457
868
1840
569
1949
1567
230
1042
362
761
816
1181
1971
2010
1123
1296
2175
1932
1529
2418
219
157
1763
773
1088
1644
855
1568
1223
898
1916
1752
1954
13
1814
1724
76
2396
881
38
1783
407
792
4
1235
504
714
1215
2408
1381
136
1336
541
1701
878
1862
992
2108
1234
419
1925
2082
1628
1827
1799
1830
7
1425
2234
1684
1720
676
1887
1648
426
1770
186
2050
770
2331
2421
404
757
2189
1485
1919
1671
727
515
998
1161
812
968
2424
1208
386
1089
891
2044
711
461
1766
1980
2105
1927
2422
797
619
66
2003
2039
1457
420
1074
589
849
1739
469
747
1204
533
1873
632
2101
346
2100
1875
1190
1375
1044
1530
486
56
1471
725
1817
183
651
1221
2062
1620
862
2326
234
842
2220
224
472
1625
1765
2190
644
238
242
2228
1794
424
2431
1374
1408
778
994
351
1451
485
572
2081
860
1811
138
1856
1242
127
1921
321
2229
2405
163
1239
2450
841
2468
2496
656
49
2340
34
1688
353
942
2177
1774
2406
2146
1253
1334
1608
1904
667
35
917
2114
1184
872
1674
1380
312
2106
2032
970
913
86
1663
1505
1857
1469
1525
500
713
2265
2233
2354
1926
2110
173
2371
2275
1059
326
1906
2333
2056
957
21
1640
551
1244
1888
1968
731
2482
168
823
215
188
1169
707
1460
328
2402
1586
2170
2497
739
446
147
1203
18
443
947
527
975
2017
2313
1484
1017
647
1986
1386
1533
1865
2087
1202
1045
974
2394
50
652
2016
1459
663
1330
874
1182
1646
1656
2323
2053
774
1188
280
699
2474
25
1214
2445
1277
1024
2386
1261
1918
108
20
2293
2384
1634
278
2451
2438
2449
2005
1768
2491
2144
525
1895
437
1279
1461
212
272
1421
1325
1740
1368
745
2463
449
2347
802
977
1047
1760
239
2368
1053
1141
1755
2112
19
1369
1093
847
829
1990
2288
1269
511
2051
1411
1574
466
395
1690
1276
796
1716
2147
2121
156
1102
371
1969
2007
340
804
43
1370
1363
1542
204
17
206
769
2188
546
2256
1322
1174
462
1676
2274
112
355
1627
1611
1435
811
2335
1685
1506
1275
229
117
2285
1823
1718
397
139
1772
1630
290
1192
2500
1091
1922
266
1252
1300
2427
1180
196
759
218
1546
988
227
1944
44
2393
299
2222
798
303
1433
1541
1775
717
1268
1613
800
1552
505
301
2485
2210
591
882
806
2231
1527
1972
1295
320
935
1746
2292
1504
1516
442
207
732
1544
2458
1231
1621
141
1201
2090
817
820
1545
2255
167
1101
1263
848
801
875
2446
2425
1384
313
1309
2264
161
1678
821
993
1115
1941
2093
2125
1306
538
1515
1667
1593
920
1136
641
31
294
1010
1731
1580
752
1013
629
1082
1521
873
1413
1496
618
1463
319
2047
1348
1490
2128
1450
2064
434
904
1472
1782
1283
2357
1327
2118
2113
908
1025
738
2116
859
1027
2049
2215
2254
836
669
1360
2266
2312
576
672
621
265
734
1511
2250
1172
490
1819
1030
1841
361
22
435
2137
1706
379
2322
1509
2
2273
1149
1232
226
779
1076
2321
531
776
1698
1021
1912
670
1000
1153
1661
1946
423
1317
2419
1953
1657
2083
819
248
2252
2346
1265
447
369
1423
523
2031
2061
2015
235
1874
2492
2448
834
552
418
2415
1777
1430
1626
1305
69
2374
2375
471
1829
1547
1759
2327
912
1587
2500
2499
1924
1107
2473
2413
1046
1896
1570
400
861
2084
1482
723
2191
1800
1767
2145
1224
1271
2241
244
2417
1966
2300
1422
1367
344
1689
1226
1891
1970
2320
2484
16
1048
1206
1481
1106
2291
337
1453
609
2142
923
245
1403
27
1134
673
1388
1249
24
375
97
1653
1359
387
1497
1049
2316
1110
529
1297
414
2490
895
175
1054
1579
2336
1852
374
1532
1162
1773
1254
1786
2199
2305
2365
2120
2486
391
1691
554
726
1905
2096
986
853
1935
1931
480
2224
1376
1963
2476
542
1067
1985
381
214
790
2429
559
2151
805
309
838
785
584
1248
1617
1020
2462
601
1642
430
467
506
1187
2376
2098
1771
2057
1880
1594
1692
686
433
491
74
583
1066
1565
1152
377
2483
948
2202
1200
253
1179
1861
444
2271
1007
2143
793
1618
635
2025
1793
2230
1478
1156
1396
172
2498
736
1590
1619
2048
1491
889
2097
440
2019
1615
1333
593
2065
818
864
668
1703
261
427
1332
716
1041
1778
794
933
349
1988
292
459
2217
1347
2453
2185
2308
1236
1355
516
1948
528
764
645
810
441
1097
1742
1500
289
1697
1599
721
2258
949
1474
465
2036
677
1939
646
100
192
871
828
2304
1962
451
654
854
526
1882
1442
771
2012
631
322
1576
1557
436
343
162
1487
2030
200
886
82
1592
2091
661
2071
1062
741
1084
1741
305
574
1324
1159
1937
2211
706
406
448
1008
562
1837
1538
683
1964
197
109
2201
1758
1267
1350
39
691
1290
787
1124
1998
15
1022
1848
336
2410
36
926
1726
704
236
1495
781
1842
1005
1654
1869
1321
1050
1473
1480
1883
1165
780
1314
431
1389
1555
365
2245
1419
1750
822
928
1526
1166
501
410
2060
115
627
990
2395
1977
983
2022
475
567
1001
73
1503
577
1606
1081
233
1522
2363
1536
939
1395
389
754
1609
1319
428
1364
782
536
605
352
1428
976
1310
2095
1507
1923
401
616
1779
2200
1577
450
1335
1409
1762
1797
2452
1501
1598
2412
2235
1002
760
1733
47
314
14
825
1292
1143
1077
28
1647
241
2244
1219
1872
1308
772
116
54
2045
979
158
1753
2099
700
903
2353
1416
356
249
202
969
48
2407
2028
1747
1216
1100
730
2401
964
1520
1070
1293
1122
1806
2437
2092
120
77
664
194
1307
1210
1432
330
2334
1855
637
2276
1168
2428
1604
199
1405
1853
483
911
2131
1650
438
2239
1979
1278
852
2075
489
1723
2086
851
256
547
839
1429
220
1373
539
2070
597
1668
331
510
87
1591
2085
2024
2195
927
164
2212
1105
1975
2174
718
867
1412
581
2238
1821
2399
658
1575
879
2281
492
1735
1623
130
1537
1043
373
684
380
2076
2002
902
1313
571
2400
2155
1894
1401
453
184
307
698
9
2297
425
1464
154
2283
95
411
826
1745
1729
1849
2237
984
1976
1133
1340
1031
1397
2267
128
456
432
2158
1383
1116
1078
67
1831
2253
649
735
1951
1341
2183
2207
23
1825
495
40
2129
1272
269
1087
608
1756
937
690
325
2328
1727
75
2000
135
1462
2079
1561
1090
1673
1543
2152
72
1809
2242
243
1233
856
2122
1256
119
2330
209
257
1914
1213
392
1510
2038
11
1304
1696
850
1103
122
1997
1311
694
1708
789
1780
2366
332
2369
1860
311
460
1700
1961
107
682
729
1117
1769
1801
595
675
1813
767
938
830
1514
1358
1417
213
1399
762
2240
671
701
1877
1280
30
814
2382
2459
1734
413
1885
210
416
1528
60
815
185
2295
1881
1139
1349
2214
742
260
445
1662
951
422
2469
1784
617
2329
795
2478
1038
102
176
2461
524
1512
1991
1398
2286
1494
613
2004
521
2457
2261
737
2089
885
1018
2378
1281
1693
1449
2026
1037
1273
899
1820
1725
653
763
417
740
2037
65
2392
179
394
81
1108
1006
1092
650
1879
126
966
687
755
2315
1959
1907
412
1974
1111
478
2466
1498
58
639
2072
2172
2397
2192
378
2169
333
744
1196
887
946
2209
2042
310
940
1810
689
2111
803
2364
863
347
2270
2150
1011
614
1535
78
1796
643
1789
2309
2349
1259
1915
1549
1710
1911
1129
592
170
1378
2249
1316
556
1264
685
924
534
252
890
625
1589
1639
1119
844
1157
1365
2243
1699
71
111
1351
1938
557
279
1713
1600
777
1632
1950
1227
900
151
628
262
1636
1125
1738
1193
250
784
385
678
2306
545
915
1564
1940
1343
150
846
1198
63
775
696
1892
509
582
1664
2432
1404
1298
1039
2167
1145
103
2343
666
2232
1669
10
1942
359
586
1194
2342
960
615
610
563
585
831
152
1859
1452
2182
415
2127
607
339
680
1876
743
1052
2223
2311
1633
382
2160
919
276
1057
2248
159
2282
1260
1517
2058
1677
287
1212
2206
1804
1754
329
2063
588
2441
1237
1622
1548
1075
1743
390
1142
1513
1798
1357
335
1175
2278
497
123
2404
1658
2066
544
1638
638
1377
388
1286
1711
393
155
1312
507
1508
1828
1189
1534
1205
479
304
1394
2317
1352
1994
281
1893
2296
514
758
2442
710
1245
2487
2133
1406
2318
1649
1540
1258
1744
2009
570
366
1426
1069
1294
2168
2325
2499
80
799
2141
2373
88
2208
765
1085
550
989
222
203
2197
709
2164
488
2187
482
454
1385
1686
2372
681
1952
208
481
1217
1098
1132
1631
201
2171
1781
363
1486
535
357
622
55
2027
1833
64
1965
1871
733
657
502
1299
2472
166
2495
624
296
409
59
2387
105
1465
2119
429
2204
2367
751
594
1151
53
1749
2078
2426
1285
1899
1178
221
1722
99
1009
1878
2014
674
1083
1163
1556
2186
2352
746
2339
2029
2388
291
1323
318
931
896
2299
1867
2440
2409
961
1420
273
2390
936
1839
178
749
5
1331
1255
1424
1454
1571
1812
2138
1154
33
324
146
191
1721
1836
1854
967
2319
1144
978
2067
89
2161
2290
2259
237
1058
1241
692
832
2380
1702
2102
2439
503
2247
37
96
530
2358
648
1356
302
2179
1709
962
2046
1518
1835
499
892
997
568
1960
2279
1943
958
1064
376
1838
724
640
1499
1635
1186
2068
42
980
1164
205
1524
6
2433
558
1595
943
1158
1393
2173
2011
1973
2043
2021
61
944
1222
143
2456
1447
1996
477
1987
113
566
124
575
880
1957
2379
493
1246
1603
945
1431
2153
1167
914
630
399
1559
1414
1714
549
405
1666
1207
1790
83
1748
1913
1573
498
408
484
2391
1999
2104
837
952
1434
2360
1439
1958
133
934
1270
973
2073
1792
845
2184
959
697
1138
813
808
2140
464
1284
1572
268
869
1443
350
590
560
1834
1897
1026
1361
2216
2162
476
2302
693
338
1715
1554
93
702
1114
160
182
118
580
1080
840
508
1531
1427
660
1717
2460
494
1068
573
2107
1121
603
2481
1889
2263
2356
1947
211
463
1438
1479
2303
1730
12
2383
1003
2109
1148
865
598
1751
1519
3
474
216
1191
1318
2475
905
282
2040
2213
2227
555
2033
2149
1826
129
991
169
2324
2123
870
2277
1808
2345
1225
271
679
1291
1371
2480
748
354
1920
1036
2307
1004
824
1456
2218
1563
2454
1643
2262
1719
1055
1870
1477
626
1761
719
1728
783
2471
487
688
712
517
1137
2198
2338
1120
92
180
2287
1329
1816
623
1094
756
403
1665
1675
298
1588
1898
2077
606
1681
1886
1065
1015
334
888
1858
1229
1584
2052
1230
2465
1346
807
922
1113
246
1176
1127
1199
1071
195
906
1056
274
1581
1956
315
2148
1288
306
1023
2041
2163
1287
1832
2332
1173
1034
1445
662
297
2157
2074
263
383
2115
1955
57
2257
1466
2268
52
402
1993
2430
1251
2156
2260
579
2203
2117
1475
665
1502
1195
1553
1822
2018
1989
1560
954
421
2416
1240
1652
1354
518
620
955
270
1558
1585
2298
2337
982
2193
2154
1983
604
2488
231
62
283
364
1379
1844
1095
1338
1372
2180
611
2013
2023
1303
1476
1866
956
985
884
144
1266
1183
513
1344
2134
452
41
1641
1984
1220
121
2269
1607
1073
368
1130
894
1211
1687
348
1112
171
1805
142
198
1441
633
1981
1655
2381
981
705
996
1934
1933
2020
2289
110
1320