2500
2499
879
1182
564
413
60
346
507
323
1367
61
1628
2022
1395
1686
436
1186
2196
2453
234
2278
1388
2200
1083
203
632
696
1171
315
1224
233
1153
2176
1509
918
2424
2267
241
1823
1664
985
1461
2242
971
1200
2049
1752
1639
1289
1084
391
1005
269
1595
1166
2353
725
2058
881
623
1271
1013
389
465
2057
205
961
580
1524
2313
763
953
1320
2388
544
866
2071
291
1913
1216
2355
362
2338
1308
1157
759
1358
987
2069
862
1769
1390
1326
794
261
1557
1827
1060
93
1446
412
1968
294
592
1454
1919
1652
729
517
85
276
554
646
1313
1540
1773
925
633
2329
1136
304
904
688
1592
1297
940
1223
1004
969
2240
702
2245
2300
82
776
387
194
2148
2368
2473
1744
683
2304
223
1978
2429
1990
1614
980
2448
2414
778
428
1160
848
667
2103
1573
1836
376
705
613
803
603
70
1325
2319
1329
1735
902
1838
183
2469
1120
2203
1106
165
939
1148
1584
226
2479
1537
1758
1302
1743
1188
88
566
1727
1110
1365
478
2015
2485
1063
577
731
2305
472
272
740
2130
958
1007
1169
235
1376
1569
285
645
473
795
2307
2244
1884
2138
1125
2183
1786
811
1246
1064
1219
658
1095
1159
1208
1669
853
506
2042
1869
807
2446
1615
1841
2005
1861
874
1854
829
365
698
950
237
2331
1661
1400
746
1547
1256
132
785
2149
1393
320
26
492
1401
860
1345
313
719
1140
462
1658
176
1405
2340
2457
2120
1357
430
87
997
2491
1260
1267
1633
2480
1663
756
1521
2126
2428
1146
335
593
239
1928
1877
327
1705
706
1512
2450
1977
1948
1139
2334
1450
2352
992
558
169
2489
1873
1352
1394
1943
516
181
330
426
1862
1698
1753
1298
1647
789
1189
2046
2435
585
97
2019
722
324
1560
1276
1805
502
460
2111
1993
2400
17
1708
57
1621
1344
1931
83
1897
886
1788
2497
1699
2023
1522
1119
24
1194
1530
615
2006
14
531
130
851
637
1691
1262
2227
189
2309
2362
2439
618
697
1468
1436
148
1956
1583
1310
264
2206
1684
1098
1199
232
1258
1618
751
50
37
1402
1428
1649
1605
1916
1222
1697
2432
1236
2084
363
1176
1703
2243
687
1808
191
1671
402
2187
888
248
1729
565
1484
2178
1502
622
1988
2425
107
301
1748
369
913
95
1070
2110
310
2474
1690
416
1213
2141
730
166
1622
1607
2100
2139
1497
1379
484
1536
865
634
2146
826
1853
1112
2259
222
1351
1732
1408
547
1072
71
801
2218
1682
905
775
292
295
1589
1941
895
1231
2444
1552
1375
1984
1843
72
952
2456
1207
350
2165
1920
2402
382
1419
1517
334
2374
1242
2468
487
1438
342
752
1061
1641
1118
1609
1266
930
813
1797
1548
271
162
1712
213
1073
762
1442
814
2324
98
537
660
2258
878
2028
651
1594
2260
2115
947
2192
1917
1559
1508
515
349
2279
1907
2272
1925
20
737
1593
885
1218
988
396
514
251
1142
1286
1417
919
140
2211
2222
835
836
2303
1455
2109
63
2127
1306
1010
2037
1154
1033
1724
158
1591
2372
2286
1793
650
1144
1654
1816
101
2152
2125
1054
143
2054
1494
1695
219
1422
2481
2251
1855
1407
52
1466
779
1736
822
270
240
2082
1382
656
956
1754
1384
1503
1571
1228
2382
1227
631
841
258
1655
156
2012
1535
1066
1971
1983
743
96
1046
84
1997
110
2153
142
538
986
2401
771
1479
626
541
1564
1044
2361
1457
810
863
2216
2375
2235
812
499
1606
624
414
1820
2207
657
883
970
2086
187
1590
511
1026
1089
1335
35
1192
2172
1898
1067
2271
2381
2409
1307
2175
231
1866
1164
1039
1022
1772
772
954
2285
1693
160
421
1449
476
1501
1180
332
2475
647
1
319
508
1114
1225
1549
174
1027
738
378
735
2296
784
311
1711
2026
1600
2455
2018
2320
2415
728
767
2231
1929
2500
2427
806
503
2306
2214
2470
2002
2169
871
1519
1937
945
303
1179
2038
968
1016
1575
127
2040
1459
1685
2438
2294
106
1024
377
897
417
2237
1531
470
2088
1421
588
1392
490
283
1767
410
1202
180
2099
36
770
1383
1529
1363
1596
59
1856
1362
843
2318
1860
576
2095
636
1138
2160
2343
1717
2236
1047
1293
1846
1035
1568
1601
1252
38
666
2288
418
224
549
551
1349
1288
74
1578
641
2246
2422
2043
1170
2157
2326
2411
2133
111
1954
721
2257
138
1184
477
1976
838
726
713
1798
1187
381
2447
2177
1137
2182
792
2434
2386
555
5
277
1599
1281
2215
611
247
1317
530
427
1389
2253
2195
1386
2433
844
1409
2116
2499
353
1311
2221
1832
2060
437
2241
179
891
347
45
1539
390
1945
684
145
2299
406
1315
146
1839
1847
94
876
1771
1924
172
1890
1781
2014
2163
207
2431
433
1961
1720
548
2171
522
1397
2048
498
185
539
1399
571
1181
1131
1483
1789
1291
139
1132
1019
790
2256
1756
435
245
386
1052
1561
936
297
13
1867
2308
1587
1514
278
938
1482
926
809
717
91
2156
2113
385
1833
2124
1255
1011
409
1473
1892
933
2194
2180
1904
2291
1865
1086
2378
1331
1588
1918
1973
1425
1779
521
124
2293
1936
816
1544
1630
1667
1107
2330
40
1766
2472
215
570
2076
1555
2464
840
864
9
887
2333
471
1902
2167
22
2376
597
1751
288
837
2317
676
1094
655
1656
1623
2346
1053
128
1403
2089
1017
1840
348
512
1261
553
2404
1437
2292
2123
1818
383
2389
1410
659
563
665
116
640
2085
861
1834
1558
384
561
432
275
714
854
1741
1279
1901
661
1215
1935
1998
2119
423
2461
1203
2494
1299
2213
1803
1528
1831
796
46
1327
1784
1078
1951
815
468
1485
1385
2351
79
1634
1809
2238
2031
280
2392
2106
689
154
2056
2281
1003
12
983
1523
1965
2263
1430
1985
1161
652
2274
928
946
2419
1826
753
56
153
685
2233
798
2367
991
965
482
357
1452
298
1946
1719
1507
333
321
1196
1659
901
1198
845
2315
1837
1681
163
943
1580
1235
2168
1232
1949
25
700
1424
654
528
464
872
188
2316
1464
1111
312
2047
2061
764
927
2173
1613
736
1645
455
858
2050
361
2261
2212
2408
1009
1381
867
915
2199
1876
136
453
1212
2365
2482
899
1348
1813
1122
483
967
1842
2154
1912
1612
190
1008
1872
791
1620
2030
1972
2219
1021
354
2336
1369
118
2063
1316
33
1477
267
1598
1790
2341
1251
1688
2269
1356
316
975
2387
2477
77
48
1597
299
532
2070
591
1967
1314
1416
720
441
1059
679
1168
1513
2284
783
2290
1167
1117
1611
1665
1323
1721
1006
1273
2344
2118
284
1346
8
2423
1241
422
112
1526
1337
1097
562
1740
686
1525
211
1631
1426
1370
1996
1825
1553
1722
2490
1234
2198
2033
1062
2185
800
2397
1404
912
2186
1878
221
2449
1451
2159
575
42
1487
1738
788
2460
2488
7
1353
2496
1891
2072
1055
75
941
820
27
1930
1092
2332
1240
893
990
170
2440
360
1412
842
828
527
823
1815
374
1704
150
200
2066
290
225
1709
701
978
155
1804
1759
1787
911
1264
2190
1801
120
1944
1480
2027
1726
2017
855
300
710
2379
1859
1770
1871
2311
1339
1870
411
6
1679
1025
2064
1150
1115
1799
28
125
318
253
15
415
677
712
1496
1987
1903
1624
1764
1440
1190
1253
1178
2255
2289
2094
2161
583
1950
486
643
2478
1757
1048
681
1556
1332
2065
937
869
344
1458
1725
1970
1049
934
39
302
198
1858
1103
1220
1079
2391
2201
1163
639
1492
1418
1445
896
1239
2122
102
2393
2484
1660
104
1857
126
1783
373
757
1532
708
2302
606
31
1489
379
2184
1775
1883
1701
2107
446
1644
1355
1554
1896
1795
692
1341
1456
1500
355
2073
259
1632
1001
1542
351
594
1068
109
1755
103
1248
578
1812
2155
1914
1443
1280
494
1243
2097
168
1197
1966
256
282
1040
1285
2358
2283
560
497
1058
117
1158
1277
982
1964
1636
1478
908
1963
519
1116
2132
727
761
880
2452
669
2135
1933
444
2142
959
496
1882
2162
1715
1541
32
2131
711
973
766
134
699
2495
485
1806
358
1411
1334
1057
1269
1817
1974
2143
916
951
2310
1080
693
58
932
859
1244
1886
1028
920
2248
2350
1694
1731
2325
341
774
11
2349
716
1287
307
2193
949
1312
2062
370
192
1259
2371
703
2486
747
1319
1629
1565
463
481
238
1989
1765
2179
777
1042
2412
1012
963
1504
480
2059
2247
2010
19
739
1603
1777
760
255
944
53
1875
392
69
1551
1124
1081
279
2295
742
1881
2298
1396
1992
1282
1824
1183
1895
1602
601
614
2239
2275
1627
161
617
833
1413
64
314
2498
408
672
1056
66
210
115
1102
567
1108
675
830
2458
1563
1495
1982
1096
1586
2443
1830
1340
474
451
1908
1372
438
1123
73
1674
1210
2416
1506
1278
1888
1566
664
2024
30
1238
976
1626
375
1616
773
1347
797
605
1794
1439
2282
2321
2266
1254
671
1250
768
892
43
182
2373
704
1309
2151
133
2129
167
782
466
931
1737
500
2366
1091
827
1638
329
1377
2147
1129
1330
741
2098
407
1887
2418
380
184
424
34
1702
220
1819
2357
1718
674
1152
2314
1211
177
589
2345
29
449
1734
536
1906
2403
1499
1272
680
263
1863
718
2339
2354
274
852
141
1893
2020
388
1065
1431
1852
1263
1045
1233
1444
1927
832
51
1646
2493
609
2104
123
2128
204
1135
2487
296
1423
1821
882
372
489
2083
1441
1706
2105
175
420
663
2158
1191
338
246
557
644
1899
1994
1969
870
1101
839
1689
1776
2359
1670
403
1625
305
923
2208
972
371
610
2287
1516
1676
1849
1361
1782
1774
1105
1265
750
2268
1378
1851
579
1429
599
1104
620
505
121
1579
452
1778
2465
67
49
2011
345
1550
2262
1427
2137
173
831
2166
1088
957
1113
695
55
1999
395
1637
218
2323
1864
1730
1020
1023
2265
1791
2036
23
265
209
786
2420
2396
1292
929
1031
331
1657
217
196
573
2252
1868
818
732
808
942
1318
2476
2270
542
479
1995
206
2335
1209
1848
787
1921
1406
2328
339
99
1713
80
2209
694
526
1678
1274
1643
2454
1475
653
1642
1957
491
81
715
2189
1714
90
2008
2276
454
648
1371
2327
1087
1032
1572
793
556
1940
193
62
630
2405
1030
2462
1520
1515
1807
2188
1802
1785
1677
1474
2225
1121
325
2312
581
1662
1077
1981
356
1414
4
114
68
596
105
2445
1680
1296
1687
2041
846
2101
1476
1205
754
1343
113
1328
197
1700
1577
404
805
1075
2035
475
535
903
501
448
1434
994
469
157
2032
2090
649
2000
621
2117
889
799
268
1043
1018
2224
1175
2360
955
1074
2364
368
1295
1909
2217
604
431
1076
2297
2164
54
682
1683
1360
1885
1922
2383
1889
543
2467
326
1942
850
147
425
964
445
76
352
804
2459
2442
2220
405
1567
2204
914
2096
2170
921
1085
668
2413
293
1800
2463
2081
1304
595
252
1651
202
2322
2234
598
1133
1415
1760
998
1653
2197
1952
638
1050
2356
337
1435
287
2150
2337
230
1268
780
1447
249
691
979
868
2430
619
1127
229
1696
1510
1029
1490
2144
1036
981
910
616
108
262
401
1082
1505
545
86
2053
504
873
2399
1910
457
540
2039
2230
1463
602
1761
1221
336
228
662
690
1173
1350
2055
745
546
1845
1619
2426
1728
1303
2421
628
966
1128
186
65
1433
2301
2441
2078
709
1226
2007
1829
1958
1610
1155
2342
1879
510
2003
1359
495
2140
1364
1460
2091
1934
1162
1471
236
819
286
41
1675
993
586
1294
1648
1673
1322
442
2112
2181
159
459
1911
397
1796
1939
440
2205
2052
2347
467
429
171
607
1185
1739
461
458
1960
1792
1206
2191
1469
1617
1165
1543
1814
493
1894
584
1980
212
281
201
1147
2079
2398
1822
518
2264
308
875
273
1562
1692
922
1570
216
1844
195
765
244
1374
1354
2145
2254
1174
400
552
2077
1880
1745
1275
456
984
824
1453
1177
1100
2016
1398
1090
1391
2369
394
343
2045
1230
1051
670
1491
2380
769
574
78
758
1574
366
488
1214
734
1000
151
568
399
1900
1975
749
1149
2451
398
733
1926
625
2174
178
572
525
1959
1290
582
1905
227
214
450
149
44
884
131
137
2417
2483
2229
1109
289
443
250
755
559
1835
16
10
894
1217
2370
989
340
1511
1037
1668
1486
821
1002
600
834
1301
322
1141
1237
1300
1733
1249
673
1749
678
2013
2102
317
890
21
1333
1608
2280
2004
825
1979
1151
1666
906
1538
2385
847
1481
1576
1321
1635
748
2093
2410
529
447
1380
781
1604
1534
2121
1387
1582
534
707
2068
995
1518
1962
2394
119
1134
2249
260
2025
1305
2437
1811
1955
2034
393
2087
856
2226
1874
364
2273
309
2390
2277
2466
2407
1247
135
2232
1069
629
328
2080
1762
533
1472
524
1947
1368
89
2395
266
857
199
744
2114
1640
2108
1986
817
608
122
367
520
2092
948
1366
1284
242
1780
1204
1470
996
2134
359
257
635
1672
1585
2250
1143
1145
2202
2363
1746
2044
1932
1546
509
1493
2136
900
2009
2067
898
590
802
1527
1126
2228
1099
1283
962
1015
1156
208
2210
1071
2406
1195
3
1448
1014
18
1763
434
1498
877
1336
2001
1342
1257
164
627
1938
1533
724
1650
1710
1953
1245
2074
1467
1373
1915
1723
550
1488
999
2223
977
1707
1041
2471
909
1201
152
523
306
1193
2436
1432
935
1716
1338
419
642
1750
1581
924
1545
1034
2384
2029
1324
1991
1850
907
960
2075
439
1810
849
1742
974
2021
254
1768
2492
2348
47
2051
243
144
587
1420
1462
1923
2
569
1229
1038
1270
92
1465
917
1828
2377
100
129
612
513
1130
1747
1093