5000
4999
1377
4537
1575
1781
4842
3791
3313
4861
900
3856
2925
2997
3531
3106
3311
1668
4396
4476
842
3860
1543
2403
3280
548
1957
4647
1715
4329
4085
2554
3132
1846
4723
1314
1598
4947
4640
1584
390
974
1249
921
4624
549
2608
2314
1306
1544
2869
4896
1498
2936
4875
587
4299
1324
3962
3831
2382
1869
3717
1125
4278
4864
1732
2630
912
4125
3135
67
4504
3946
2873
3668
4020
4256
2797
3031
293
3801
1261
3652
2085
1301
235
3602
1160
942
3342
1555
3240
2658
2523
1291
4408
1352
2811
748
3488
2047
2339
3051
641
3328
736
3777
834
3036
2485
2700
1786
2521
4108
4683
3914
1504
2013
2807
3303
2186
2464
1054
2632
1605
4865
33
4098
3541
1131
454
3078
2369
4836
3966
3289
4794
1404
3164
1534
673
2008
2401
1170
2439
41
1649
4987
596
4562
1824
2686
4526
1678
2679
1050
1982
4106
48
4880
467
4851
2901
4894
588
523
1554
4253
4774
4441
1864
4986
2271
3424
1628
887
418
4914
2260
556
1606
1908
1413
2705
2425
4855
2512
2663
1463
2102
1765
4149
133
3735
3334
2435
1386
1602
2993
4653
20
727
1897
2135
1891
4888
3061
4961
1256
4561
1871
4679
3290
3375
354
804
914
1265
917
2405
3204
903
1138
859
96
2487
3620
877
906
3888
3387
3570
3258
3158
1493
1490
3427
4535
1828
2616
2246
3211
31
493
897
4954
2931
1661
4119
4824
4104
1882
2029
1106
3362
3740
2472
827
3261
3522
3001
854
3130
298
4223
2347
4887
4585
2142
2406
2557
979
1515
2597
3064
3993
725
496
4459
1118
2280
2606
4616
4942
3185
292
4668
1001
1374
329
4895
4967
3407
4744
4267
1281
745
753
316
3622
4479
988
4696
4173
3676
3344
4568
1673
478
1329
62
3947
1251
4422
4742
4938
870
1531
378
2303
4372
4860
2147
1927
3103
3743
3958
4089
3316
1278
3523
4132
2220
482
1104
2687
2826
3844
3887
1907
4254
910
215
1287
4073
4
1010
1826
1804
2728
2322
1084
2696
2748
4378
4791
2972
23
3383
3371
2827
3957
681
1489
3707
4932
3368
3532
1994
4419
3219
38
276
2790
3485
450
1533
4081
2906
1007
2070
4200
3340
1685
2415
348
708
1107
2810
3673
407
4566
2448
79
3665
2050
2486
1330
4610
4313
2596
4274
552
1429
4248
818
4511
2697
2828
1729
1240
2756
4615
3414
4520
4619
3589
2431
2090
2984
1677
452
3450
3515
246
853
1410
3156
894
862
4442
723
2367
2368
4885
3711
1038
1617
821
1830
2237
2116
3761
3931
857
3112
4083
1440
3782
2545
1581
710
3374
4725
2680
4162
1446
4992
1247
2717
1784
3842
2610
4306
2372
4178
196
2417
4870
813
3247
4720
4260
4296
2992
2200
2886
3942
3075
2944
1234
3439
2150
2259
4342
4291
690
203
406
1257
2193
2222
3886
1988
805
3266
4830
2955
3125
3395
2713
1468
3250
1096
1996
4680
4995
1758
1756
1740
4634
1556
3517
1567
4064
3704
3292
1389
4746
4558
1149
4776
2500
2376
2454
3750
1978
3401
3482
4962
2470
2290
3333
464
4474
4923
290
913
4751
2677
2256
2969
1239
84
1587
1705
1806
845
4929
2674
2681
1361
2612
3336
1749
1757
3891
932
2740
1731
1426
1703
3883
3425
3188
3180
288
4613
1764
2823
474
17
2207
3811
4118
289
4600
2946
2920
613
4006
4571
3604
2327
1920
176
4271
2956
386
1964
4622
3756
4714
2114
3413
2413
1210
3379
2390
3114
3695
1319
4198
477
864
340
1502
1133
4687
565
4541
3599
1400
1076
705
4999
4084
3629
2122
2429
8
4763
1573
425
3897
3581
1235
4221
3295
2854
2205
4013
2400
4258
3291
1924
213
3273
3703
2682
2460
4984
1601
3980
284
601
4077
4735
4747
3937
2262
1722
2490
1955
2846
507
1295
4931
3262
1983
773
976
3464
1213
2908
1253
2128
4365
380
4393
1783
4373
4810
569
2131
4032
4087
595
2561
4748
3255
1517
915
929
1474
3702
4305
3618
4107
4832
3790
3465
1813
2506
3714
1697
2078
4381
3234
256
3141
1550
1766
3069
247
1233
1165
3510
4298
3554
2583
3949
3769
2539
228
3122
4339
352
2842
2853
4249
3928
3961
4814
448
3919
4354
4971
2652
4632
4503
2767
492
51
3943
1029
4544
1028
3666
647
1194
3894
4977
4970
4548
3126
3571
3049
89
777
1325
3461
1706
3781
2129
1613
1415
4055
413
3364
1823
2587
504
2266
2701
4817
4721
1245
4701
2386
1860
1370
2688
326
1733
4826
3137
4152
4831
865
943
4341
3700
2478
2489
3270
4599
2819
98
4765
2661
1191
1904
4546
3285
1644
3765
3862
3607
3752
1693
103
3986
4429
167
3525
4369
1258
2766
774
3938
2045
3166
2891
1919
1271
3840
1151
1147
1997
2383
301
2782
1751
1219
665
2255
1940
108
1027
357
3419
339
3920
4671
4729
1317
534
2780
2258
416
1420
431
2330
3151
1130
4034
2409
2082
3455
637
3492
4788
2770
4062
4712
1375
3651
11
4518
991
3569
1834
2832
3936
2305
3248
937
3416
3616
2796
197
1486
2885
1918
3174
217
4955
3535
3142
1203
4926
49
1691
1610
1837
4761
236
3799
1852
4685
209
3744
2973
3091
901
4567
437
2151
4328
4111
4662
4262
1033
2033
1962
1868
886
2420
117
4082
3718
3301
3988
1337
4966
1059
2736
481
558
3835
1956
1290
1564
2433
2428
3265
4405
3728
2599
4438
4356
4266
4766
4187
1477
1002
3559
42
3105
1231
3307
2517
3249
1809
3754
177
4551
2341
1117
4346
3487
3232
3045
949
2863
1944
3869
947
2560
278
1469
3404
4467
1500
2966
2153
1580
2230
4338
3058
4023
2474
2566
323
3544
325
2350
2650
35
3448
4713
4646
2449
1642
4974
47
2584
4312
3245
335
4264
3809
4021
2228
4005
4175
1739
2087
3538
1217
3553
4426
838
3408
1098
997
4334
3392
924
1557
4760
1686
221
444
763
615
1563
3655
205
1403
294
2083
554
4540
238
4772
1911
3552
430
4295
4136
3096
964
4307
770
4890
2038
4769
1143
4470
3732
3072
2639
165
296
4207
4270
3536
2309
771
3848
4958
1338
4436
1901
19
2673
4415
4366
4003
4320
1518
142
1115
2949
3059
154
4991
2161
193
4965
4572
3653
4739
1671
879
263
1460
1070
2851
3585
4277
2199
2594
4941
3160
3256
1451
3159
3282
2877
4481
3168
1951
3679
2818
3357
2564
248
4574
64
1788
3084
2772
2648
2515
578
765
3612
760
4217
762
3640
2416
4018
4849
4944
2438
4636
4171
2783
3042
2234
1773
2745
1501
2422
2890
3083
3760
1998
3624
755
1889
908
1222
1267
2414
1973
2233
2602
2641
4676
2251
717
277
1453
631
876
4949
3815
940
959
2621
4736
1178
4279
125
1309
4881
3386
3509
2196
4321
2627
3208
1450
267
4416
3281
4979
1268
2588
2605
1425
4777
2408
4815
1025
2269
4918
4285
2880
4124
4899
4286
1063
4095
2968
2708
1721
2763
4500
1397
1060
3573
2738
2755
2950
697
530
4294
4188
3221
225
2746
2952
1221
1981
2281
194
1009
2267
911
3098
2221
4524
3684
2106
2716
983
2524
4000
4388
4185
1832
3638
1110
2452
1810
840
3041
1537
878
764
485
3619
2965
2126
2893
1737
1780
2099
261
881
1345
817
1186
4994
1017
2164
516
1428
4502
961
1873
310
4066
3447
1259
1859
3454
2198
899
1088
2100
4611
405
3192
4847
2773
4131
2617
1849
2076
4506
4690
729
3257
2553
2443
3063
3606
1717
2148
1000
4919
946
2534
3308
4937
2459
273
4263
2331
451
2722
2074
716
2598
4637
3892
2194
3190
617
1105
233
2541
4514
2860
3699
2032
1111
3849
4100
1674
3875
251
4400
2021
2462
4404
4813
1915
1085
439
4904
671
846
4893
4666
1638
2275
1850
1348
4973
2031
285
2983
3502
1622
562
1248
3224
2649
2695
2041
4793
3955
626
3797
4380
387
70
1499
4650
3855
4063
2573
3397
1284
3543
4370
128
2743
1039
1711
1723
1491
1792
3235
2426
2241
3170
2342
4620
2010
4628
994
4120
3908
1363
272
941
4105
583
3070
1541
4194
4612
3377
3322
4456
1444
863
2385
4727
1100
4605
4584
808
1754
2771
2505
3086
785
3724
3024
445
2079
1974
999
1747
4661
2062
1696
662
4921
3209
3359
3104
3154
2354
2759
3749
1046
2202
4993
1886
4838
4755
4694
3227
1553
3915
663
4148
4521
1408
4326
769
4094
349
750
2075
1746
2300
429
1597
2550
2020
4580
823
4530
1883
441
1719
2563
4151
3176
171
56
2059
307
1633
2504
3243
1464
4509
909
186
4998
2664
2302
237
4482
1482
3956
4515
4463
2316
1304
814
4036
3643
664
2118
3410
4076
1595
2009
2242
3916
2889
783
479
457
2994
3991
179
2265
3217
575
1289
582
3390
4575
2291
3697
2451
1942
4492
2575
4324
2977
2859
3057
3014
674
1884
3140
2660
4255
3712
3326
43
1800
4785
4501
1101
4846
3167
1372
4097
891
1275
4866
2051
4976
4982
2915
3755
1123
1485
76
3329
2110
726
2465
4533
907
2765
3380
1682
4968
3400
3691
415
1774
336
4126
4644
1611
4300
3056
2396
3609
547
4344
4595
2645
372
3444
2668
2726
332
1236
3090
526
2704
207
4212
2540
4204
184
1478
4741
4424
4196
7
1422
2257
3872
1936
4155
188
1006
4139
513
3032
638
831
4304
3048
3094
224
4681
163
3310
1931
3467
2562
1519
4384
1209
4183
4176
1055
4534
584
3214
4050
3113
1935
2670
1322
3836
2848
3178
1269
3152
1433
2288
4523
720
4587
1948
1126
2806
1771
625
2157
3449
4472
956
3817
3512
4754
2769
4719
1471
3473
266
4047
2899
22
3372
2781
1495
471
1707
545
160
4695
1959
4288
3518
2364
4357
287
1214
1188
3131
1802
4717
368
4946
559
21
4455
3463
3939
3499
3985
3682
4641
4351
792
2371
4969
4065
4464
3786
3175
2628
2175
1562
1922
1073
3841
355
3795
2692
1839
2254
1893
1620
3147
4699
3330
2298
1887
1232
3489
3596
3299
4030
1505
58
459
1461
382
2177
4403
4827
2475
4072
4768
2857
4886
564
590
3780
1175
61
2023
1142
3830
3027
2362
2441
2276
2922
691
4450
39
1520
654
4211
1313
603
4145
3433
2335
2458
1347
2065
3924
1458
1090
4428
121
4867
412
2754
3941
2761
4582
3893
2659
2165
2933
3097
3226
4129
2030
967
2311
3184
2358
3803
2866
4222
4096
4461
1496
1586
4090
113
3077
1842
114
4980
495
4246
4046
4877
2141
718
1734
1335
841
1283
4427
2492
2301
1081
3157
2471
97
611
1013
3637
2019
10
801
1406
989
3047
1827
155
1353
3770
3626
2684
1950
4110
3272
258
4825
3085
4122
116
4425
4820
2450
3241
4014
958
2461
317
3528
938
1470
3391
661
393
4633
4489
860
1049
4579
2113
4693
4153
105
3415
3625
3899
3829
4478
3218
1238
2533
4332
1467
3065
1423
3320
1167
645
3635
129
2432
3633
837
3428
449
2531
3490
4710
2197
3902
2742
4156
930
2028
2204
3661
463
3739
3758
1303
3345
4648
3260
4392
1288
3708
3766
2502
2805
1387
1870
2558
3402
589
107
2210
1277
1168
1449
4327
3138
828
3153
3681
2407
2604
1650
4586
4684
1124
1909
896
522
3274
377
265
1276
2048
1549
239
2887
4697
3012
2615
2998
1479
473
1690
2039
711
3088
4767
3688
2124
2169
282
4857
4261
402
4591
3845
2236
2018
4706
1525
555
4238
2516
2934
3989
607
269
3662
4444
737
1365
2437
687
1987
844
1169
1735
3423
2055
4876
4289
4484
102
4724
4387
1990
3253
2662
2213
1092
2808
4457
4477
3970
2395
550
1512
4053
2787
2418
3804
4519
3323
1863
4236
4642
3539
704
858
4368
254
2430
986
3775
4892
1761
4952
2238
1647
731
3904
2902
4004
1949
962
1963
1296
2963
2343
2066
612
2049
4181
1720
3816
3813
2718
4059
2101
2455
2313
2543
2814
519
3547
2043
52
2072
525
427
2268
766
2004
3259
2535
1120
3898
3575
4659
2017
2440
1035
2107
1208
746
3306
1176
3953
3418
1436
4660
4071
1815
4930
2392
1977
1045
1730
2139
868
1770
2749
4856
4863
245
835
2951
3730
791
40
2803
1189
1026
3736
1865
1510
3514
4093
4252
4953
3649
1971
3199
3298
1014
1579
414
453
4113
101
4358
1192
1166
3839
4529
3474
2793
1069
148
4179
3796
4564
3818
3826
4074
466
2961
1364
1112
4160
4901
1945
2904
1315
2675
3197
75
3321
4091
4626
2546
3479
3331
1808
3814
2063
1639
1591
2821
1652
510
4147
4027
4446
2551
2112
1448
1462
2636
1506
4928
4290
2635
1635
3491
4670
630
187
1578
2007
3787
4956
2634
4099
338
219
1492
1229
4531
1913
2375
743
2096
3800
3284
786
3944
3183
4872
4385
2134
2086
4488
1454
1867
945
1552
2867
1914
4297
143
4934
337
419
1570
738
3426
3630
1154
2042
222
475
1407
311
2402
100
2799
409
2802
2272
3315
4250
1320
820
1970
3557
2235
3748
2878
3882
300
4608
1941
3325
1053
1037
5
1910
1709
1793
1699
1953
2964
4439
1831
1260
185
1532
1395
1346
1760
3723
816
399
14
1148
869
2593
3968
161
3574
3003
3576
1835
2529
1270
3906
2160
1457
4397
3432
3293
124
3778
2457
3278
532
1331
53
1298
80
2995
1664
85
2723
24
2024
3551
1402
4189
3195
2060
1772
4206
4163
693
535
4465
1821
668
2071
1546
3593
733
127
4654
3309
4588
2935
3548
531
4435
512
4762
2850
4166
4543
2843
2283
2844
1280
2898
3598
3738
156
3877
4493
4669
3823
1023
1841
3859
250
343
951
1796
1795
3729
1193
2351
2469
4037
679
4311
4374
4940
506
2882
739
1340
210
1879
4316
2337
2693
4058
1172
4317
4975
4070
4022
1161
747
1351
4883
2187
341
888
223
1292
1294
170
500
621
2820
396
3215
4900
990
3200
4675
1159
178
4140
1855
2491
1895
3907
4922
640
2011
3503
636
2631
3639
1822
1455
1540
1150
3789
981
2978
3905
1712
2203
2105
1230
2795
2493
1551
3925
3115
4226
1102
2581
59
2419
3206
3300
1058
2336
2245
63
1237
2264
1390
4407
3095
1432
115
146
3555
3029
4379
1366
1079
1332
1566
426
3146
4121
3537
3202
1676
3793
1206
1250
1663
498
2840
2182
4606
2654
417
4282
1273
4019
1958
1263
577
2098
2813
4829
4734
460
1323
2917
4061
1396
2284
3705
1819
2286
1394
1043
1529
1937
3205
3494
4800
3191
3810
4383
609
2088
2698
4757
1299
1255
2355
3451
2809
2957
1853
4645
2725
1497
2170
3082
1576
954
742
81
2273
3228
2215
4433
1042
1762
4146
2676
4199
3074
3610
3715
243
4609
2097
3910
4667
2040
715
1630
2900
567
800
3187
1509
4843
1083
1041
600
4275
2053
4517
1197
3909
1431
1358
2511
3394
3376
2061
735
3833
4497
1972
2527
4618
2093
2760
3745
4951
4743
2152
3921
480
1607
3421
3338
4957
1082
2179
2146
551
973
952
1701
195
3420
1182
2389
3476
3917
2744
3005
3634
4012
4011
2399
2037
1310
410
3071
4801
2244
2942
684
226
159
1616
151
2338
861
4487
1654
2549
363
517
515
3802
1359
3349
1072
1588
3276
2836
3263
4570
2201
2436
895
2731
4127
4925
1943
3918
1645
4141
2914
1442
3764
1094
1057
2958
700
4182
509
2388
4617
3798
2702
3022
442
1075
2069
3399
2181
3223
90
3997
2862
2046
741
4804
1969
650
34
829
3358
3472
807
3608
3967
1019
2646
54
315
4123
1603
249
3179
4589
1196
2779
3288
2089
2618
1051
3198
182
3079
2308
3324
4758
4241
802
2580
1782
3690
2167
461
3880
1569
3772
3530
2225
73
1367
2001
2104
2103
2924
1243
3352
3586
4623
3884
1818
4549
1067
3930
1885
1005
3038
3819
131
4581
1856
50
1416
740
620
527
379
1820
152
1095
44
1487
4483
2319
3246
4897
1216
1158
1876
2753
2940
391
3805
3964
320
4367
1816
4220
4527
4997
2176
4596
4508
2253
4302
1424
1198
3283
4462
1199
4157
1560
1851
1759
3081
4576
295
2752
4840
12
4783
1414
4709
456
1933
533
3471
2547
55
4430
4756
1753
9
4362
4038
29
3314
2567
4473
1465
2585
4528
3026
1797
3657
1508
505
2000
560
2468
3978
4722
3242
4844
1694
4818
2967
1545
1524
1418
174
923
1838
3092
4391
3950
3876
4088
2365
4874
724
3623
1356
4214
1934
1899
3838
3225
27
202
134
2380
3911
458
2463
4165
1999
3267
2133
4898
2912
659
4689
220
2960
2683
4496
643
1459
491
3128
1801
69
3580
3982
1947
344
490
3495
4673
1040
3879
2721
362
392
2115
4692
3360
1202
1183
1527
822
1355
1637
3099
1129
3149
3093
2555
1305
4133
2514
598
3513
3866
3481
3808
1713
1466
1409
3696
1127
4230
3783
3529
353
1174
3277
939
2715
4192
4916
2180
4812
3111
2656
4443
3822
810
1932
1861
4186
3900
4677
4708
3446
2582
3483
468
3725
3354
1881
4333
2519
2498
2691
2111
4945
3294
1354
3674
2928
4043
3189
2240
1612
4411
26
1272
4331
2741
3422
1447
4809
1308
1898
633
3009
2667
1609
3933
1122
848
656
2888
698
4750
4086
3903
3644
3641
119
2672
3566
4510
2352
809
78
4538
541
157
4154
1986
2651
926
3847
283
2374
4216
833
4360
3934
3367
4614
104
4177
2279
1917
2629
15
2855
2208
183
421
3779
4001
3885
45
4245
707
721
2217
3563
3430
2909
4878
788
4167
1286
126
2647
57
3011
1068
2278
2838
420
1643
683
2123
3721
2145
2757
2209
3645
1539
2479
4702
2211
4363
719
3979
4752
3954
4340
1657
2138
3356
2329
4243
2356
1153
4219
875
572
4807
966
2939
1789
3370
3438
1077
4716
2293
3186
2508
2052
3659
2619
309
1443
1767
2724
2932
553
1755
4398
4033
1484
4707
4469
904
2495
677
229
2168
4284
240
2633
2446
1078
1596
2056
4806
1141
1326
3896
4559
972
83
1475
2427
3312
358
3858
4805
2094
4315
3533
3611
3763
744
732
4577
3504
2930
2870
2883
3493
3013
2975
162
4522
4218
400
262
757
830
4432
4536
3698
112
71
4272
2224
110
1146
689
383
4445
882
3759
2034
2231
1848
4057
299
4869
4740
3480
149
3701
4390
642
2943
4797
2379
2084
2625
3055
2163
2637
4114
2858
1938
4651
1494
866
1181
3972
2261
3339
1833
4657
1279
1648
502
1900
375
2816
4280
1044
253
1687
3727
1128
3478
2758
4310
1488
3857
4343
4257
1803
3784
1
3577
3457
1961
3912
1201
4658
470
3004
327
3558
3720
749
4828
304
1089
4418
2509
1339
2223
2026
4202
3216
4024
3406
1437
4283
3120
2036
191
440
1435
4453
1618
1503
2077
147
4031
4355
4068
3667
1114
2735
3785
4359
944
3516
4621
367
3177
66
4044
1565
3231
4703
592
1536
2536
1254
3440
4593
2789
3028
634
1472
4841
2750
3642
13
571
494
2834
3441
2970
3417
2183
995
2494
173
2812
1357
2306
3686
4130
4733
2775
658
794
2109
4233
1205
3762
3040
2719
4431
476
618
2798
669
2712
1223
2522
812
4075
4158
4335
1535
1087
319
1930
1507
3889
1672
977
1892
2572
579
2896
1157
4276
3468
1866
1590
2703
4583
4643
206
436
3275
4395
2304
4656
871
925
271
3107
1134
82
2442
2421
4460
3550
3384
2158
722
3540
150
1266
140
573
1036
3694
3470
72
520
2326
264
3341
3990
371
4532
4480
761
2393
993
1137
3594
1626
4349
2714
4652
608
2538
3486
4552
1065
1799
3355
730
543
4889
2929
1743
3680
627
2212
3973
2841
145
2709
4903
1700
232
529
1392
1180
4853
1012
1670
2285
4691
927
4730
1798
852
1975
4348
775
2130
4193
4239
1702
1857
4251
208
4635
3617
2938
4726
3837
2398
4491
2792
795
1071
3935
2579
4406
514
487
918
3853
2804
3951
3134
2947
3442
3456
2996
2299
4795
1184
825
2980
646
3305
130
2570
2962
2739
2730
2002
3613
4547
702
369
433
892
2185
4560
922
4410
297
172
4663
985
36
3162
3846
3193
538
2239
3171
3060
351
4981
4135
1794
4569
2250
1021
4773
2510
734
201
3757
312
2638
1714
2497
4790
3304
2644
1311
2559
3016
4786
2520
4781
3561
1921
2678
1061
4026
3496
3452
3874
4525
4386
2530
2733
3434
4281
2121
3268
324
3453
2377
4629
1769
2174
4594
4911
2985
1992
4779
4413
1156
2317
2091
2353
867
4303
3
4665
1725
3534
328
2653
3237
4715
796
3050
3030
4996
2613
1097
3052
2227
2892
3264
1032
1086
446
893
784
776
2287
2453
3664
1379
2825
4565
4168
2248
1928
1481
3940
2154
2640
3812
2669
1662
3771
1599
3722
1582
855
4858
695
2926
3742
2397
2092
1031
274
3143
472
935
3636
3591
3998
2971
1779
3287
1738
1631
1775
685
2576
3068
2788
4143
4208
4603
4213
3706
1015
3002
4985
3398
2321
2895
3466
4232
1572
934
4625
970
4067
1811
2359
604
4627
158
4364
137
1204
4309
3373
1989
1066
694
2732
780
1817
3458
1398
2263
2976
77
1984
3965
3768
1080
2986
1768
4325
1034
376
4423
1119
94
1744
1185
2195
3560
4495
3713
4412
4835
2607
4871
4963
4964
4197
4394
1585
3929
4718
602
1542
4092
4377
3948
3927
982
1874
3672
984
200
2054
3656
4655
483
3807
2312
46
2483
303
4796
1417
4590
2159
443
1333
4205
2577
815
2991
2357
619
227
2349
3161
4259
4025
1521
1441
3719
3396
1016
3335
4078
4180
4688
1362
2282
1748
2927
2125
3582
2467
1708
610
1241
3169
793
3669
4382
2340
2016
1627
32
699
580
4550
2778
3279
1656
3850
3821
4049
2136
2252
3878
2423
4848
422
767
2324
305
1878
1814
4905
2014
3774
2937
2518
4798
4516
3824
521
3595
3567
4837
3959
1966
3229
1843
581
3409
3382
4361
4486
3296
1220
1056
3526
2274
1547
4375
4376
3922
803
806
1688
395
2384
242
4045
1710
614
3511
3578
3734
4738
1655
1099
4454
4269
839
4287
1776
996
366
3318
2067
2178
2875
3498
4437
1523
4184
3462
2218
4950
1140
3864
2751
2578
3806
1844
333
342
1993
2837
1177
2143
1528
1227
403
4630
4115
3600
657
1145
1190
1530
198
591
438
3351
3572
2243
3435
635
2381
2528
4240
423
1558
1778
1526
4935
359
3412
3459
218
3971
4292
2481
1600
497
4265
2447
331
4389
4052
4545
190
1877
2916
3021
2777
302
1660
2737
4909
4811
1327
1785
2387
537
2586
2785
4972
3207
709
680
3037
447
3054
1136
518
3945
3220
1726
3348
1695
1604
4029
257
255
1741
428
2544
832
2881
4490
3484
3615
2600
1589
3230
1538
1629
18
1698
3995
4452
1659
4910
4989
1336
275
2507
751
4041
758
1632
180
1608
1132
260
3366
3588
1401
308
3867
1405
2496
1224
3648
4350
1052
655
2503
3443
714
4417
3828
1064
4512
4494
3568
2216
2044
322
2941
1619
3436
3252
1896
93
1008
3923
360
3865
1302
306
1228
3671
1274
4917
1926
1343
2874
3015
701
3076
2847
3023
3753
280
2982
2484
2127
1344
3108
1264
401
199
597
4927
4150
4902
3592
2064
1912
3101
3542
3501
4051
4555
3716
3901
3062
4943
2910
4060
214
2412
1568
3123
4704
2289
286
3520
3343
1371
4056
3987
4017
4792
3033
4170
585
2162
826
782
1030
3381
364
651
4010
1615
192
2623
1728
3549
3984
3222
118
4578
3689
3129
92
2310
4471
3524
1923
1742
703
1812
2720
2747
4048
975
3121
3173
3974
898
2513
4682
4323
4852
1679
4821
3117
2345
1350
4839
1226
1382
384
1163
4035
1144
1179
2035
2473
4128
1724
3631
4604
2537
488
4447
667
3505
1675
314
2685
2295
2149
169
2532
2710
4169
1091
2822
1840
5000
2137
1991
181
3497
3254
4042
1847
4224
1790
599
2006
4008
1906
652
2434
4174
4440
2989
455
3794
91
2671
2015
686
978
528
2499
2987
649
666
2999
2480
2344
4498
4597
2320
2903
3603
4134
2589
3890
639
3445
561
890
2333
629
132
2727
2466
4592
74
1212
4449
4293
3347
3565
2852
3583
2603
2611
4638
1062
4231
2206
4960
563
2394
919
3692
4787
99
1011
2601
4371
3150
2188
4778
374
754
628
3996
873
484
1020
1480
3365
1318
499
905
1763
3429
144
1704
1135
4142
4314
660
1388
4191
2171
234
546
2
4209
3000
2642
2894
2776
330
2871
4040
4771
3389
752
3109
1439
2800
4759
2325
3034
2833
3646
139
931
4936
4318
675
4598
1976
1419
2831
4834
1393
4451
2801
3116
252
1752
2565
3203
1845
4353
3650
3733
3405
2571
1825
3163
2666
1391
4649
1967
3521
4737
2192
706
4978
1836
3043
4554
1621
902
2574
106
270
885
4337
3527
4103
797
692
4002
1103
3369
1300
676
3194
4161
2711
350
87
370
3500
4698
1968
3239
356
3632
728
1476
2172
3233
4672
787
2959
3332
404
1925
2918
4345
883
2332
1651
948
2140
1916
2786
3053
960
3952
3317
2307
3477
2249
2665
212
1074
2184
37
1018
1316
843
3562
3437
4939
1583
462
3546
2979
1411
313
3999
4109
1293
536
28
849
2444
3658
385
4336
408
241
1383
4556
4475
2911
2361
3080
1171
2190
4101
3269
2839
2363
4164
3007
3788
606
2794
4728
3825
789
1434
3579
2476
524
3773
2569
4112
1360
4908
2346
4990
1109
542
1321
2132
2411
3127
1548
1516
3969
819
1328
1954
4054
4201
1438
2548
540
1421
824
971
1559
1427
4775
3895
3361
503
4915
3741
2012
4301
1047
1658
1854
3960
2270
2861
1200
1805
1399
3621
4539
4434
1024
2525
1577
4421
4731
1666
781
1689
4399
3133
1634
4466
2626
2609
3019
4116
3627
2108
432
2865
3119
836
4268
189
933
2073
4907
4159
1285
4913
1561
2884
2591
65
3834
1888
1297
4542
2988
279
4069
1592
2830
2657
2477
4784
3251
1653
4959
2706
4803
1939
381
109
4764
1456
998
3981
856
388
2080
3182
1574
3854
772
3832
4401
3035
1593
2373
1787
2296
259
1207
3089
1342
3913
3271
1155
3044
3746
1646
3983
3124
1875
4505
3977
136
2784
4833
4015
373
164
1624
1681
60
2119
3767
2872
1242
4686
672
3403
3087
3685
3350
3751
3868
3006
1807
4234
2323
4308
1380
851
3145
3181
2348
1412
544
1667
1215
2366
4039
3213
3881
4639
3236
779
2622
3475
1736
2817
1378
3628
1162
3460
1139
557
880
4884
1669
4819
141
1108
3675
216
3212
3932
1384
1152
3201
1121
361
2624
1373
4242
1369
1965
2923
644
1368
346
3196
4195
3110
4845
2189
389
759
434
291
2595
1195
2226
268
4137
2907
68
168
1511
2694
756
4573
3587
4745
2729
3687
2144
3843
1341
394
950
1093
1692
1727
1116
1571
365
4235
2247
3327
1473
2229
2424
2488
4507
568
3663
622
3144
3709
1750
3067
980
648
1880
4802
2868
3976
4823
4988
2027
334
3046
2057
2879
688
211
1483
424
712
3238
4016
778
3118
1680
3363
3926
576
1522
3677
2556
2155
135
1187
4711
3302
281
713
670
1862
2620
4513
1334
1594
2829
1829
4468
3297
594
1262
2025
511
398
963
539
2824
953
653
345
4144
4816
4215
3136
2173
3155
4808
1995
3852
616
3507
3564
347
3556
3172
3337
1385
4409
2835
1452
2856
1244
3102
4732
1905
3614
4210
321
4237
153
936
4190
3601
2445
3994
3319
2542
987
4402
4631
2689
4028
4933
623
1684
2166
4705
4228
2404
3139
3861
928
2328
3870
3647
3654
1282
3411
2762
4780
2081
3584
2191
4102
3851
3693
4322
1004
4172
3020
2643
2707
4138
3963
678
30
1777
4499
4203
3519
4229
3863
968
955
489
4352
3018
2095
2294
166
4879
4601
1858
1903
2156
3017
1716
2370
4557
798
2315
4906
4414
111
2864
4924
2921
4664
2690
4485
1381
3506
4247
230
3244
469
138
3431
3010
889
2214
3353
850
3148
3393
3605
2981
2058
175
3683
1218
4420
16
872
2297
2117
4448
3469
1246
4753
2552
3827
3025
4882
3066
4079
3820
1173
2845
2526
1665
3731
3210
1791
86
874
1349
2391
88
768
2699
2953
790
957
2318
435
2360
3660
95
916
3597
4799
4700
4868
2791
570
4859
920
486
2614
3737
2568
4948
2734
2022
965
3678
2655
1980
6
123
2913
2219
3039
1022
1636
799
1960
3378
566
2974
120
4602
1902
1514
4458
4678
847
3670
811
4770
204
1164
3726
4789
3792
1211
1625
1048
2945
1979
4319
1641
3165
2876
2849
4782
682
1623
2456
25
4563
2068
3388
465
992
4273
632
3590
318
1872
1745
4749
2292
1894
574
4117
4607
3100
1445
3871
4007
4850
2905
3710
4983
1430
397
1003
2378
231
1946
4553
2277
969
1640
244
2897
2003
4873
3992
2764
4347
1376
3346
2592
624
2410
4862
4225
605
4080
3385
2919
2954
1225
2948
4330
122
2120
4920
1985
1952
4244
1718
2005
4891
4854
3975
2768
508
4822
3776
1307
1683
2232
4227
3508
4912
1614
4674
2501
1513
1113
2774
586
501
3545
3747
1929
593
3873
1312
696
1890
3286
2815
4009
3073
2482
411
2334
1252
2590
884