3948
3088
2283
2316
398
4009
2449
3951
3547
4564
248
2559
3991
4902
193
604
2477
2739
961
3055
3671
50
2628
3068
647
1294
370
1221
1955
1993
4584
22
1770
1304
1693
4771
987
994
2706
4120
4367
3848
3147
4654
3938
2404
160
2305
2083
4772
1904
1794
523
2387
4069
3329
3800
2524
293
168
2050
3057
3783
2874
1845
3538
3762
1433
1903
4402
1455
2265
4880
4295
2385
206
2505
671
1572
4387
3630
4194
2419
4068
4714
1575
7
2865
3539
3314
1947
467
3237
798
3576
1035
4810
4780
4575
4325
1907
4541
181
4199
538
4299
2824
1334
1965
138
1036
4059
1280
2668
313
1106
1928
2173
1497
4080
2702
4538
1261
2290
1521
3503
4812
2196
4118
470
1421
1582
482
684
2882
4432
1702
4302
4743
2803
3244
187
2162
2428
887
2092
244
3599
1990
254
838
1766
4438
2840
1741
4087
96
2952
3058
1157
2225
4229
3496
4545
2235
314
2185
3357
741
3049
1663
4721
3819
2894
974
2644
282
1482
2380
2716
8
2015
527
739
4158
4839
2234
3732
4509
2117
2075
3033
4887
1538
3883
2973
1107
3745
640
2740
1108
1007
3550
2229
3638
676
2337
3688
4377
1109
1005
733
981
760
3467
834
3782
1586
962
1114
4477
4745
880
2499
993
3473
2843
4060
2379
4565
342
337
288
2652
2360
4321
4225
3412
1716
3532
3250
3146
2516
1851
3030
3046
983
927
4822
4451
3502
3484
1902
3748
4625
2811
1479
4759
1576
2568
4837
494
4544
1729
2674
915
4937
1104
3737
3031
921
3912
2067
787
1142
4485
2016
4977
3613
178
1792
1066
142
1264
4838
115
925
843
4090
4249
1734
296
3958
316
1685
2996
509
534
1493
4491
4801
4999
1725
2357
3911
2165
4803
199
4788
4742
4730
1158
2929
1566
1025
1623
2211
4206
4205
2491
4909
2677
997
4674
3361
223
965
475
1515
61
1997
2831
4058
1830
4987
3282
4905
554
1835
576
20
2799
4476
3321
1060
3514
4709
3708
967
594
1857
3285
633
2645
2938
3581
3018
3757
3682
3858
1490
4877
2626
1790
2507
3183
380
2771
4056
3867
1653
454
3191
2707
4181
1354
3479
1748
559
1508
796
3337
849
495
3126
3553
3172
1346
1637
2132
1579
780
664
2640
4510
1449
1927
1194
1297
2036
1876
4121
2259
2999
4393
3729
3906
2241
486
870
4186
2608
4311
2837
4201
4794
820
3221
369
3863
3841
2492
4528
719
2470
1878
3002
1212
2969
4303
3264
270
1295
420
1507
3615
1190
829
2137
4577
1618
135
1662
1031
3118
1968
1224
1749
933
3403
1057
1529
3054
4808
4741
2955
3433
711
4971
4690
1111
209
2545
4882
812
4876
4634
4150
3023
4757
1517
27
4368
2402
1049
4865
3450
3690
2415
4456
1244
274
4234
4055
107
1793
2523
1832
1786
4732
4239
2254
4707
650
1492
2754
1755
301
2386
4397
32
4857
1839
1889
4653
2110
436
924
649
1675
656
3326
137
4636
297
575
4142
4207
3559
2622
1442
427
3478
890
4973
2253
3597
3611
4208
4392
396
2920
1549
535
2497
632
305
1695
2300
2588
2374
1207
2039
1250
2726
3050
4257
1987
4459
3151
4754
4612
2979
4594
4708
4366
3754
186
4062
3894
251
3684
118
170
1537
4026
2957
2522
1866
4318
2961
2266
3127
2134
2902
424
2798
3937
2772
1339
3643
709
2896
1629
2128
1984
3303
1966
1744
3022
4793
2686
992
3752
243
3543
3448
2687
3435
1177
2094
1834
3578
2769
207
3339
1303
3862
4082
4253
1206
4297
1682
3134
4522
2967
2554
2782
3458
4165
2690
3952
3885
4317
1959
4443
1491
1617
3389
161
1154
4740
2192
4262
409
1489
465
4054
1361
818
217
2484
4624
1840
668
1313
4994
2667
2942
3075
264
3341
3882
4395
746
821
2376
4576
1193
2925
1326
1854
185
827
1777
1652
4220
3492
3810
3609
2081
4898
2086
2847
4800
1584
4107
1536
439
413
4483
2102
2538
762
2424
4939
3122
4209
2835
4583
4436
312
753
2095
3604
3072
1948
3119
390
3218
2314
4410
4226
4600
666
421
415
4246
375
3896
2335
562
2324
3934
3457
3410
2609
1526
2888
2007
1717
3653
3465
1885
520
4286
2273
4132
3621
1116
4259
2115
4553
3178
4031
4260
2619
4555
1733
2097
2066
4254
1624
426
1285
73
158
4698
140
3994
964
3297
620
1686
355
2729
670
354
3104
4739
3758
1867
3979
4384
2032
1283
4574
4605
3311
3421
500
2872
1345
4532
3076
3166
490
4982
577
605
3108
4682
4529
3216
1843
712
1812
700
4511
2313
579
2529
3272
3456
2096
4713
2334
4848
4110
4827
94
4752
4048
4735
1711
2786
3668
2988
3359
4796
3659
4414
3215
2548
3434
2506
3563
2482
4940
3602
3087
1286
3397
1727
4418
2598
4668
4601
3797
1779
3349
4573
833
1348
3375
4853
1199
68
2439
4196
2056
3327
3608
811
4530
598
835
3593
1045
1827
1062
4983
4693
2113
3817
1356
3917
601
2720
4180
1068
2090
2715
1527
2149
854
1081
463
4660
1381
3998
1939
2788
460
471
1328
4626
1614
3942
4918
3295
1098
2285
2130
1239
433
807
16
236
2466
2251
2345
4102
1256
4895
175
3105
3300
2956
2347
2909
230
4089
1436
3249
1172
4830
1709
2468
673
239
321
4932
574
3556
4859
1713
3940
216
1428
919
2517
802
3173
4670
1246
3651
2208
2866
609
2780
4756
3186
2355
197
1251
4554
4354
3260
3015
2420
4043
210
1128
3089
221
3304
3873
791
1451
3370
65
3614
4271
630
4033
3853
3429
1520
4763
772
429
3522
3125
2046
3855
1290
2044
502
2272
42
1950
1351
655
434
3574
344
536
4699
4138
4219
775
4666
893
2762
2995
102
2802
1828
766
3240
1191
2601
564
2862
3471
4251
1740
2413
4561
492
4236
3398
3363
4549
4385
1004
3511
3462
1898
3188
3132
1424
3139
737
3750
2945
4231
4505
5000
4999
1215
136
340
4604
2411
4439
3402
2547
2082
744
4388
357
3747
4616
3842
2733
2068
4378
731
1292
4032
2557
4652
4017
872
658
366
3468
3071
626
2723
3655
4521
3424
931
3870
309
3504
518
108
4122
1282
1274
3111
625
3796
4213
3792
4779
511
4520
4094
4092
3551
2121
36
3069
2830
3152
4834
4071
3463
566
145
2916
3228
4425
1542
499
1018
1204
95
2375
3927
2306
1892
2611
4647
4197
724
4273
3908
2643
1561
123
603
442
978
2756
2968
747
2336
4417
2493
4382
2642
1480
3874
3060
1929
3623
2989
2076
1233
4300
195
2986
3876
699
3799
717
2180
2861
3290
373
1763
2471
3154
2247
3763
3026
922
1375
98
257
33
4421
23
1896
2296
361
1641
150
3904
3627
1631
3963
4695
2974
100
2409
276
4921
1658
3064
3886
74
1668
1890
2478
3284
2630
553
3175
4051
713
4161
2977
2983
365
152
3236
2584
3378
37
3271
874
1634
126
4398
691
3428
4210
2893
4551
2343
3649
3165
1846
3832
3701
4746
555
1357
4224
4775
2774
3683
822
667
383
4543
4599
412
4015
2514
1389
190
4523
957
440
1731
3294
4963
2911
3666
759
1612
1856
1319
4503
1196
1444
778
1369
4221
348
4550
2563
1645
926
4431
3066
328
4021
1722
2252
64
4726
1547
4404
4856
3396
4466
4066
602
1516
3007
3004
2558
481
4995
3711
4139
430
4835
1465
619
865
2010
1901
4691
4365
3519
234
4641
2537
4280
2834
3769
3764
3936
3334
519
1308
946
397
3348
984
4974
2730
663
2106
1523
3265
4070
3409
4917
2654
2456
1415
3085
128
3856
2422
4084
153
4860
3017
2030
473
445
1088
1200
4687
4518
2521
2214
810
1659
1648
2232
968
3920
3368
1761
2922
1162
2159
3726
4242
2714
1696
3239
897
459
1317
2889
307
4474
4804
3771
14
1047
1747
2655
105
3834
864
4294
1656
101
1543
1383
1067
2289
2915
4633
2221
1900
1633
3164
3040
4836
4426
4719
3687
255
3740
1559
2806
4557
5
2543
1029
461
3494
1826
4447
4086
51
1931
3945
3698
3793
2546
2280
979
1664
4571
869
4731
272
4680
462
1999
3925
4513
2577
1429
2773
929
3201
220
1395
2787
2918
3293
377
3699
3889
715
62
2890
2187
41
1150
1597
2770
3518
3712
621
4813
4525
1708
1227
2005
3846
200
1833
2125
99
900
2709
2950
179
3843
1935
836
4216
317
156
2469
1320
2029
488
302
2135
4676
1784
3121
2879
2369
3355
3536
2585
3500
721
2398
3588
1058
4312
228
4683
1756
2322
4606
1378
1719
1143
727
323
4370
723
708
1422
1789
3839
1182
3501
130
1674
2042
4869
4457
4154
1850
1816
2595
3371
1117
683
1298
1412
2418
1352
4826
729
1169
3084
3887
654
1952
1795
4966
3985
341
3234
2270
1774
4949
4182
1677
2781
1024
1136
2228
868
164
1512
2891
1588
2684
88
3493
3328
4716
4252
4874
3446
1137
4214
2653
4965
4134
3220
336
4821
934
2033
3529
3968
4951
4334
3565
610
3730
3312
4155
1758
3483
66
3093
3390
2755
803
4469
2406
4496
1726
4024
1390
1350
1933
1735
1700
906
208
4099
1358
2333
1712
2126
2288
2817
1053
3704
4697
4108
1332
2808
976
2194
597
557
4243
1240
2462
4272
879
2660
4448
3366
1092
1223
406
1913
548
417
793
1385
2040
2936
3195
2614
349
1894
1
4922
4651
2127
4935
816
2421
3827
1241
703
2571
2051
3999
3818
3586
4992
4044
4175
2191
498
1311
4337
3528
3024
1773
2698
4643
214
3189
4063
1665
3640
3464
505
141
678
4733
506
1535
1400
2576
3475
1048
1394
452
4850
644
2868
991
58
212
4819
60
1996
4588
1514
3515
3391
1684
3589
2085
4076
1558
686
2219
770
3385
3533
466
4156
895
205
1307
2141
3606
132
1852
2613
3571
1409
765
4910
3137
3192
2905
91
3198
1009
4631
1471
3706
4870
1616
3039
930
578
1577
4993
1600
4592
1187
2423
722
3292
565
3871
3895
2012
4524
2382
1003
1405
935
592
1254
1347
2531
3269
2388
405
4920
4916
1714
3564
4057
1364
72
2410
3794
457
4284
1388
1806
3124
735
1870
1040
1452
1314
1895
4352
1837
2013
3038
404
2268
2344
1440
2161
1519
4003
3485
1944
3138
1541
2965
3939
2181
2140
3141
4798
4308
2480
3077
2164
745
3415
707
694
2195
1272
2610
1969
148
4105
2269
4394
1963
275
2245
1970
4704
558
395
4074
1028
2603
808
894
120
4029
127
571
3534
4620
2670
4725
3003
4828
4053
4183
4412
784
3287
2107
3270
996
545
1762
842
3987
4944
1315
1237
3442
3814
4153
4597
451
4130
2998
1534
3562
3380
448
3664
4152
2475
2061
166
2508
441
1044
3206
2846
2810
1467
2319
1051
4020
2243
3693
378
2312
4124
1127
837
4502
1178
1192
218
4681
3811
2352
2641
4187
3246
2441
2503
542
4376
862
4607
3279
3296
4166
3394
1460
4177
804
252
614
2463
1476
2171
4617
4978
3200
2390
1759
2759
86
1448
2500
2717
1336
124
3618
531
1161
3420
1804
3144
3211
1593
2860
4570
97
4776
3114
2058
1438
2237
3767
2467
4011
419
3495
3776
980
238
1881
24
3459
2858
1247
4248
3176
851
3962
4791
1344
1941
3831
4386
3097
3540
501
3781
3063
2927
4957
3441
1095
1868
1417
157
93
3356
3243
3555
31
755
4548
3384
675
3130
1140
4137
3928
4947
114
2501
1946
487
3488
4001
901
271
4703
524
4148
4164
2455
943
3408
3975
1994
1814
537
1232
4913
860
2646
407
848
1271
1590
2427
246
1401
71
3451
1222
514
2528
4961
1159
19
510
939
4261
358
3892
2699
3505
2440
2321
324
615
3103
573
1219
3174
2174
198
2002
2112
1102
4579
2186
3658
1530
3100
3333
2856
4760
1076
2666
2349
1736
1724
2785
2217
4729
4892
3225
2361
2519
2052
3567
110
3686
478
4050
1643
2937
3128
3199
763
2903
4408
4711
1441
40
1601
3644
1554
2416
4391
1382
4737
3506
790
2883
1061
1342
3251
3257
1504
2594
3182
3568
2809
2203
3517
4097
3245
1694
4374
4306
1220
18
4363
3238
1019
334
1477
3318
3941
2490
1243
2694
1121
2703
1112
4460
3414
4619
3045
3277
4789
2581
80
2197
338
4866
192
2923
3795
779
2431
2753
4586
657
1788
920
2510
2975
3531
2551
4816
2084
4159
3354
435
916
2003
1404
1958
1805
416
4034
3582
2098
3014
2971
642
3335
1234
4832
4429
653
1118
2284
570
4012
3163
3980
1302
3624
586
898
4347
2992
3036
1564
1469
959
669
3204
1661
928
3879
4453
1502
3580
3899
551
3372
4375
3507
4715
82
4547
196
4818
1050
2970
2072
591
3946
2749
3673
1329
1746
476
716
752
3715
3028
3374
3512
3413
67
1075
1785
1783
2384
4871
1015
2394
1074
977
3880
1640
1135
3365
146
2807
2821
2636
2432
4435
4663
139
4975
1370
3910
351
648
2836
1807
2980
2747
4817
1435
191
2014
4744
1644
2310
3878
4517
3959
4263
2535
298
2073
3417
3242
2250
1203
4427
3227
253
1632
2233
202
2829
3560
3982
4519
3617
2473
2179
1808
2264
1975
1718
3933
4123
4608
1606
1167
2700
705
4274
2487
3628
2123
4928
832
2339
1670
295
1635
320
12
3546
245
345
2205
2078
3159
1803
4539
1148
2704
2377
4265
1379
768
960
219
4956
2291
628
1229
4770
1596
1930
1574
4962
3826
3768
1917
1371
1069
710
3231
262
4078
1434
2515
3032
1859
3109
2931
2238
1611
1288
77
2939
1365
3721
4025
1802
2144
1327
4307
4595
4602
866
3596
3143
734
3728
2898
877
3388
937
777
876
332
4628
1697
2659
468
3820
3667
4959
2550
4618
203
4346
3636
3037
4350
232
2794
941
134
389
2721
231
1462
1916
2277
225
3207
2750
3913
1546
3823
3622
4279
2120
4223
4091
826
3247
4903
2673
4762
2650
1484
4587
3098
2204
3835
2649
4665
4061
2972
750
2454
326
1879
950
2832
2647
311
3584
4211
4889
805
3761
2851
2064
599
845
806
2231
2131
3607
2474
2062
2153
2189
764
299
1704
4635
4552
1331
905
1581
4000
1197
4811
2631
1168
3685
1888
1089
4238
2328
2711
1540
1801
2976
3404
39
1214
2489
1639
3995
4950
3944
4692
3570
92
4908
431
4657
319
2907
2572
3177
284
1738
3663
1962
3161
2502
600
2303
3965
376
2041
689
1767
173
3079
1470
3508
52
4193
4168
4322
3167
2054
4222
2318
4399
2163
3678
2949
3816
2746
1483
612
2451
4269
1511
56
3376
1720
2818
2560
1225
789
456
1418
3926
151
3486
3569
329
3436
513
1033
616
3065
3005
4734
813
1940
172
75
1899
1408
543
4264
4129
4336
1078
3291
1844
4782
3447
3733
588
2985
483
3426
1811
2665
2994
4479
1880
1991
224
4507
3117
4019
2734
4172
4007
1475
4904
2331
701
2244
2183
2542
3259
368
1468
4449
692
504
4415
3692
2763
4433
359
2212
1377
2450
4923
1557
292
2166
1096
2887
2483
3006
1275
1353
318
3481
1989
3861
1094
2663
4706
3921
1932
1070
2373
79
4684
34
3881
480
1430
2958
2395
1496
3477
2693
881
2294
776
391
856
3689
4720
4315
4106
43
1260
171
2997
2087
2822
3914
1499
3947
1539
940
290
3993
4861
303
3469
4678
3805
3807
2596
78
595
48
1463
1146
2304
3786
3095
2151
3393
3898
1376
388
2311
2966
4328
4434
2486
1920
1173
1647
444
3974
2712
1723
4792
1605
2886
2691
2038
2544
1787
1945
1071
3964
4753
3976
3744
85
2281
2323
1528
4494
3253
1587
1270
970
1309
3254
1293
3286
4296
2960
4805
2530
1974
1599
771
2767
4327
1951
3749
83
4292
2400
2679
1245
2226
1545
1079
4751
4293
3449
4646
1226
748
1122
544
1123
2496
4304
1679
35
4173
3383
2518
281
2438
2138
3930
1411
1918
2024
3868
4596
2566
3021
1208
2877
4621
4230
3472
4943
1745
1849
2175
3780
4338
1853
1414
1667
3828
1030
4423
2495
4215
3544
2669
2682
3338
425
1906
3331
2103
3727
364
1082
3922
4659
3847
3845
4679
1368
3281
1300
608
3268
2249
2022
4972
315
2921
1800
3966
4878
2959
3700
4649
3990
4237
1678
1981
4405
4100
2664
1818
3824
884
1141
6
3897
3548
4710
4452
4145
2350
353
3016
4326
4162
4163
1589
3323
1922
1563
4613
4176
4879
756
4482
1500
3594
4979
2827
742
4598
646
4884
3557
785
3082
3954
3890
2564
385
1306
1486
1046
3149
1481
1419
4580
2129
4309
1263
3427
953
268
728
2591
3510
259
1657
3019
4135
2240
1937
549
3267
540
44
3766
2275
2607
2934
256
4512
3155
4960
3351
4036
4976
3801
948
4190
3755
3439
3770
618
4189
2018
2230
4114
1699
3901
2885
749
1706
2071
2604
363
3681
1995
1882
3466
951
2260
1688
2627
4353
3073
1305
2775
2757
3193
278
659
4823
3499
4430
4171
2536
384
4232
825
1323
63
4319
1825
1524
4407
4784
4675
3603
1086
4777
2080
2301
386
2814
3034
2282
2017
2570
1402
3344
2963
1113
2562
291
3418
4495
283
3713
972
4470
4360
2433
2070
2990
103
2964
3509
1655
985
3056
1692
1625
2719
2838
280
3310
3969
947
1628
3977
4694
2855
4133
159
508
844
1087
4705
2737
1145
3851
4461
2257
2779
914
3513
1836
1195
76
4934
3043
846
3489
3660
1681
1252
3360
1715
3275
1578
1129
3053
1603
106
1278
3280
2178
4283
754
2063
2392
3112
2299
2790
1799
4170
4984
3219
1829
4016
443
2884
4146
4316
335
3983
1510
2527
1875
4077
1266
2689
1884
3092
3731
3306
4907
3662
1615
4125
163
3592
1362
923
1873
3369
3554
327
3735
4244
2819
1474
1627
4593
761
2606
2315
3217
4298
2362
3313
4991
3840
1552
1823
2541
909
634
392
1259
3753
3129
1595
1130
4178
1607
732
2278
1447
2632
863
2742
1072
4936
3061
2981
2685
4289
1258
4072
4277
4852
4997
3187
3785
2869
2177
400
971
497
4140
839
402
590
3746
3062
1562
1416
1457
3918
4831
1506
867
2935
1861
2160
211
697
2789
4004
3319
3561
2370
2826
1977
4915
346
1525
4465
4846
3386
222
1964
2363
2797
828
1877
4486
1446
2676
1494
1860
4010
2155
2405
4075
2947
2766
4807
38
1782
4689
4329
2864
2565
3821
4113
3703
4067
3716
2019
528
3487
4131
4126
4372
2849
2948
1753
3229
2326
1886
2612
2378
1550
1325
2287
3639
3710
3461
2364
2681
4111
2004
782
1238
4380
2199
3301
3789
3001
2152
4996
1054
4217
3102
3430
4320
730
4766
3809
261
1281
1216
3013
2367
4622
17
3833
4888
3288
2479
2695
2637
3099
1253
861
325
2365
2045
4677
682
4332
4718
4990
1423
2332
4356
3992
2635
1752
503
3256
387
1768
4802
4179
1824
3266
3929
2589
1915
4406
1585
4424
189
4290
958
1838
1002
2745
2325
286
4843
2815
2043
1038
4900
3598
809
4455
2904
2093
3202
194
1797
815
875
3888
1798
1341
4701
2731
3675
3444
2108
1296
3808
1687
3558
1374
2784
4506
1318
3000
2172
2271
1043
910
2025
840
3978
3214
1817
526
4578
4767
2783
182
2169
767
3208
3273
819
2534
4073
1242
2111
552
1360
4919
3981
1255
3527
2176
1041
786
2944
4198
53
3756
4841
702
81
472
695
2215
3907
1100
45
2839
4589
3626
2991
2397
2459
973
3697
1560
3521
3044
3973
2678
3866
624
1131
3674
57
2580
2262
1556
3838
3535
3877
2796
322
4736
1413
3116
1732
382
645
1180
3212
4567
2758
3086
1728
69
1666
2768
4774
1011
3136
4143
1673
2190
4464
4989
623
1464
3524
2924
4953
2100
2001
1858
4047
4658
4980
4400
2651
4623
4531
824
3714
2414
1488
4954
3583
1924
2258
3042
995
2600
4914
1609
4141
781
2430
4018
4335
969
2371
1125
3209
1908
2954
3263
2293
2525
3258
1151
1163
1000
855
3205
2461
3196
1032
176
1865
4411
1703
3695
1583
1080
1855
403
3392
706
4881
1604
4748
792
2812
1153
2732
1778
3723
3902
1289
184
3340
1555
714
381
362
908
1626
3497
4454
4891
2539
1921
4275
2407
3400
2705
1650
4008
2751
1016
2048
437
4824
2498
788
1522
1571
3185
3083
1073
3094
4450
1340
1301
4516
988
1183
2060
4413
4809
4755
4369
3230
1189
4662
423
3760
3078
4942
3081
1949
4441
2697
2198
2207
685
2389
46
3825
2913
2583
1544
4686
1133
4104
2875
2372
560
1956
367
2184
904
1954
4045
3600
1532
561
3587
2683
4041
267
3012
1023
2381
3702
1548
4952
2182
4128
4640
1269
2021
2867
2309
3577
2933
310
4348
2761
464
2848
4717
3830
660
1781
70
859
1124
944
3438
3634
4276
455
3526
3591
2620
4514
2213
3009
873
2932
539
4064
1420
1155
1091
3157
4886
3996
2662
3160
945
109
4195
783
188
1042
1432
1322
4383
3601
3542
2899
1973
183
3595
2338
2236
1478
1936
1185
3470
4569
453
3443
4664
4285
2057
4968
2133
607
3605
2741
4096
3923
3460
89
4371
3642
1905
1988
372
533
1810
410
3276
2494
1796
3223
4508
4795
3903
285
3802
3788
4228
1813
4967
4672
4851
1872
3778
1791
853
1020
2724
4671
4270
3719
4867
3158
3988
3541
3179
2457
1443
300
3405
2035
4281
1425
662
2638
652
2901
2738
2878
3573
1426
2118
4893
3353
3302
4049
738
3048
3235
1188
4040
1299
2844
379
4079
174
2079
1120
3718
1236
2320
1026
4873
374
4093
2298
2157
3566
4896
3742
2863
30
1893
3647
2692
3222
4527
3709
484
698
4955
3226
952
2533
2242
4351
1217
1373
1998
3101
907
4738
3171
2412
4948
1780
556
260
1291
394
273
637
635
4227
852
830
2200
1883
117
2504
2201
2582
4266
2009
3498
2279
2148
896
360
567
3437
215
4673
3011
2623
2136
2453
3677
4014
3931
4083
119
3537
4540
87
13
4355
2340
1654
2928
2823
3739
1407
447
1213
4323
1210
3255
1707
2150
1039
3406
1349
541
116
3052
1919
29
622
2327
2448
1591
4781
4442
4471
3140
1034
3717
3787
1372
1498
4901
4639
4255
4358
2735
1622
4630
2552
4925
1598
2089
3725
4027
4390
799
1671
1006
903
2104
1160
3791
2634
133
446
516
1869
2587
2139
165
672
1649
3395
1312
2188
2680
1427
1821
4645
4245
1391
3694
1287
1636
3224
1754
4013
720
2621
3935
688
1410
4240
3997
449
1847
3779
1064
2055
1910
4446
2292
26
1862
1960
1144
4437
4722
1174
4023
129
233
4786
4537
3525
4785
4422
242
4473
2227
3074
3612
2276
4642
757
2434
4416
1085
2437
3829
1683
942
2820
2908
4256
1691
3422
1343
4420
1359
1126
2752
2671
725
878
2452
1690
631
3575
1495
4081
3416
2675
1149
1863
2984
4629
2105
3382
4472
1961
902
2158
2509
2708
2895
2639
4534
641
4116
1953
1569
4504
2586
3654
4458
2485
3884
84
3790
917
638
2805
2900
3491
1642
266
1171
3932
1257
4330
3107
1819
2037
1139
3989
593
3872
1689
4862
2261
1065
3423
306
339
90
2833
3194
4478
4481
1503
2348
4815
4981
1638
2396
4144
1181
2099
55
1531
1218
4568
3854
4582
2943
4970
800
525
3635
4515
1505
4724
2167
10
2065
330
2804
4747
15
3943
2460
4761
2330
3106
2027
2791
639
797
2143
2447
3120
2267
4854
986
4833
1592
3915
1912
3905
3316
2220
393
2210
966
4212
3775
2744
4489
1815
229
469
892
2000
3648
1367
1399
3679
4526
4333
2218
4930
2993
2880
2391
4627
4278
2049
4444
3113
3637
4696
4894
889
3956
4192
418
411
4559
1273
2777
4028
1037
3850
2987
4931
489
4250
1923
4611
4749
4750
3278
3953
3837
1398
1186
4373
4500
1739
2633
3804
28
2800
4610
3972
4638
4546
913
4088
2801
1710
611
3027
1986
399
4656
4661
858
550
3691
3379
758
269
4127
2307
2297
583
3633
2346
1396
4688
3743
4428
3610
4498
949
4101
4342
2008
2154
3358
2573
4844
2145
651
4268
2442
3168
2919
1501
4357
4890
2578
1384
3950
4499
4875
1017
4702
47
2616
1439
2590
4566
3869
629
2881
3875
4883
512
956
963
4669
1938
3572
2246
3309
1978
2658
438
4364
277
3836
4310
823
3707
1201
522
2224
3020
4727
1397
1822
4151
4301
627
3325
3091
2854
4806
3585
1809
5000
2618
4603
3135
2109
1184
112
2146
2248
1138
1926
1621
3197
2119
891
1230
3751
2403
4969
3070
2625
3133
4343
4185
982
1458
3765
882
25
1453
3815
4258
4764
2222
3090
4535
4005
4536
1509
3123
2426
3452
1565
2892
4235
3672
289
247
4614
352
899
4906
3857
2852
1209
3520
613
568
3455
1580
3590
1027
4340
4468
1105
3864
3772
1456
2059
3616
1701
1437
3680
3844
3283
3971
3960
1672
680
2951
2725
477
2617
1570
871
3984
4267
529
2286
1008
3476
530
2342
1115
4191
4480
4572
4112
2101
4136
1487
3232
3736
1231
2077
3916
147
3387
2443
1831
1871
2488
4986
938
226
4282
167
1147
155
1891
1166
144
1406
2793
1775
3047
1366
3773
3190
3035
4648
2828
4492
1101
1205
581
3145
4985
4288
3431
1335
1084
4650
1608
2011
265
2393
1680
1055
4493
4825
2526
563
4946
4035
2917
4712
3298
3184
2842
3096
2574
1021
1942
932
1472
4563
3849
3373
2274
4926
2354
143
4379
2202
2445
636
2124
989
4287
3919
3957
2317
3210
3377
2308
125
2383
4349
2341
3741
4324
59
1769
1249
2871
569
4046
3822
4685
3852
1737
3317
3345
4560
3170
1056
1063
2953
2696
479
1198
2728
4855
2028
3411
1267
912
3051
3784
3891
1461
3474
1228
4787
333
4117
177
3203
4218
4042
696
2764
493
1279
4783
3986
1705
4396
2776
954
3115
1403
2465
1533
4488
2701
3453
885
3454
3625
2760
718
3162
2425
2020
3347
3381
2168
3029
1925
149
1760
11
3150
4341
2845
1386
4109
1310
774
3803
241
4655
2142
4840
1338
2930
2356
1090
3961
2351
2727
589
2408
279
4941
4768
474
580
4339
1980
4864
1265
2156
432
704
3696
1262
2147
3342
4897
2569
690
2511
3970
1134
2592
2223
2436
3262
227
1967
1248
3670
485
4037
1568
4305
1268
213
3900
1914
4562
258
2575
2368
2561
2792
4403
4233
2736
1083
3299
4344
769
955
582
1010
2429
4644
665
3661
2897
1630
4359
888
3324
507
1165
3774
1337
4409
2193
4728
617
2031
4487
1721
2713
4899
4345
131
4885
1742
3181
111
4095
857
1751
1551
4475
2302
3645
1097
3480
2946
3482
587
4933
1333
999
3545
3025
4038
3233
491
3008
3669
496
331
3632
4938
1909
2399
1485
350
547
1392
4313
1355
3148
975
1164
883
4314
4927
49
1553
1764
3080
4924
814
2743
1651
1934
3274
2857
2661
4637
2941
2672
3156
401
4773
4847
1772
3720
121
1459
1979
2053
4591
1698
4188
4291
3646
2476
4799
4147
2940
740
2444
4085
2648
3967
4022
4958
2605
4820
990
3631
3924
154
687
2553
2358
1466
4615
4463
2555
3131
4988
4929
1119
4700
4039
3777
850
2359
817
3549
4203
2026
521
4758
204
1976
2816
4115
2329
2114
3010
1848
2481
4160
2579
4863
1743
3241
2069
4098
2873
4103
4797
4998
3352
1059
1610
751
3955
2435
3432
2556
886
572
3798
3315
2209
450
679
4030
2748
4389
3734
1052
356
2074
1982
3665
4533
4542
2962
2255
3364
1620
517
4202
3332
3346
936
3153
2464
1911
596
1765
4849
162
2532
1513
2629
911
661
1176
1602
122
1099
2870
1864
422
3425
3322
9
3860
2926
4501
4006
4149
249
169
2914
4829
4585
2841
2778
1730
1874
4556
4362
3641
1771
2850
2472
3401
2982
4445
1983
4790
736
4872
1820
4002
3516
1750
1316
54
2615
4440
4169
2825
4490
1321
801
4723
643
4200
2023
2593
3308
681
2722
1393
4247
3949
2034
1613
3865
998
371
3579
2366
1776
263
3261
458
3813
3657
2624
4845
546
3419
693
2859
1971
3336
1646
1156
180
4581
3320
841
104
2602
2688
3806
1022
4
1567
2597
21
1842
3759
2006
1972
4632
2116
2256
1380
2458
294
4558
4331
3859
1363
1152
2417
2765
3552
1454
3067
4590
3530
1573
1594
2656
4868
4157
4241
2446
3213
3523
2513
1077
1001
1887
1276
2239
3330
2912
515
308
2
1132
1985
1387
2520
4667
3812
428
918
237
4484
2512
3343
726
4814
4497
3909
3362
3289
3142
2206
1235
2216
1284
773
1324
4419
2853
414
4911
3169
2718
2170
4381
3305
3738
1202
3705
4842
2047
4858
3059
2710
1897
4204
2122
347
4462
2978
2567
1277
2263
585
1757
1110
113
4119
4769
3
3110
3656
3307
3724
2876
3620
1943
3652
2540
3248
3893
4361
1013
4945
3440
4912
235
4184
847
2599
606
3445
584
1093
304
1175
1103
1211
1450
2657
201
3252
1012
794
1330
4052
2088
1473
2795
3490
3676
4778
2353
4401
4609
2091
674
2549
1660
1170
743
4065
1518
4765
1957
343
3180
1445
3407
2910
4964
532
3619
3650
1431
1669
3629
831
287
3041
3350
1014
250
4174
3399
4167
2813
3722
240
408
2295
2906
2401
677
1179
3367
1676
1841
795
4467